- acc: 0.97416
  loss: 0.08112183604251924
  transform:
    scale: 1
