- acc: 0.7688229870928088
  loss: 0.7713432597151354
  transform: RotSVHN
