- acc: 0.7892593730792871
  loss: 0.6137246360751673
  transform: RotSVHN
