- acc: 0.7269514443761524
  loss: 0.7943378288529368
  transform: RotSVHN
