- acc: 0.7719729563614014
  loss: 0.6858612663656456
  transform: RotSVHN
