- acc: 0.7985172095881992
  loss: 0.5986276928547511
  transform: RotSVHN
