- acc: 0.81100184388445
  loss: 0.5534521313921598
  transform: RotSVHN
