- acc: 0.7716272280270436
  loss: 0.6770798334481242
  transform: RotSVHN
