- acc: 0.6360248924400738
  loss: 1.1220625000905076
  transform: RotSVHN
