- acc: 0.7662108174554395
  loss: 0.7042827344282176
  transform: RotSVHN
