- acc: 0.97774
  loss: 0.06909185232528076
  transform:
    scale: 1
